leapr
 24 /
 'full CAB model for h in h2o'/
 1 2/
  101 1001/
  0.99917 20.449 2 0 0/
  1 1 15.85316 3.8883 1/
 1 201 0/ nalpha nbeta lat
 1.0 / alphas
 0.0 0.1 0.2 0.30000000000000004 0.4 0.5 0.6000000000000001 0.7000000000000001 
 0.8 0.9 1.0 1.1 1.2000000000000002 1.3 1.4000000000000001 
 1.5 1.6 1.7000000000000002 1.8 1.9000000000000001 2.0 2.1 
 2.2 2.3000000000000003 2.4000000000000004 2.5 2.6 2.7 2.8000000000000003 
 2.9000000000000004 3.0 3.1 3.2 3.3000000000000003 3.4000000000000004 3.5 
 3.6 3.7 3.8000000000000003 3.9000000000000004 4.0 4.1000000000000005 4.2 
 4.3 4.4 4.5 4.6000000000000005 4.7 4.800000000000001 4.9 
 5.0 5.1000000000000005 5.2 5.300000000000001 5.4 5.5 5.6000000000000005 
 5.7 5.800000000000001 5.9 6.0 6.1000000000000005 6.2 6.300000000000001 
 6.4 6.5 6.6000000000000005 6.7 6.800000000000001 6.9 7.0 
 7.1000000000000005 7.2 7.300000000000001 7.4 7.5 7.6000000000000005 7.7 
 7.800000000000001 7.9 8.0 8.1 8.200000000000001 8.3 8.4 
 8.5 8.6 8.700000000000001 8.8 8.9 9.0 9.1 
 9.200000000000001 9.3 9.4 9.5 9.600000000000001 9.700000000000001 9.8 
 9.9 10.0 10.100000000000001 10.200000000000001 10.3 10.4 10.5 
 10.600000000000001 10.700000000000001 10.8 10.9 11.0 11.100000000000001 11.2
 11.3 11.4 11.5 11.600000000000001 11.700000000000001 11.8 11.9 
 12.0 12.100000000000001 12.200000000000001 12.3 12.4 12.5 12.600000000000001 
 12.700000000000001 12.8 12.9 13.0 13.100000000000001 13.200000000000001 13.3 
 13.4 13.5 13.600000000000001 13.700000000000001 13.8 13.9 14.0 
 14.100000000000001 14.200000000000001 14.3 14.4 14.5 14.600000000000001 14.7
 14.8 14.9 15.0 15.100000000000001 15.200000000000001 15.3 15.4 
 15.5 15.600000000000001 15.700000000000001 15.8 15.9 16.0 16.1 
 16.2 16.3 16.400000000000002 16.5 16.6 16.7 16.8 
 16.900000000000002 17.0 17.1 17.2 17.3 17.400000000000002 17.5 
 17.6 17.7 17.8 17.900000000000002 18.0 18.1 18.2 
 18.3 18.400000000000002 18.5 18.6 18.7 18.8 18.900000000000002 
 19.0 19.1 19.200000000000003 19.3 19.400000000000002 19.5 19.6 
 19.700000000000003 19.8 19.900000000000002 20.0/
 296/
  0.0016589 300/
  0.0 0.00189 0.00277 0.00343 0.00345 0.00301 0.00238 
  0.00209 0.00192 0.00192 0.00197 0.00205 0.00215 0.00226 
  0.00236 0.00247 0.00259 0.00271 0.00282 0.00285 0.00285 
  0.0028 0.00275 0.00272 0.00281 0.00292 0.00314 0.00343 
  0.00383 0.00425 0.00468 0.00511 0.0056 0.00612 0.00658 
  0.007 0.0074 0.00775 0.00797 0.00804 0.00809 0.00809 
  0.00799 0.00788 0.00765 0.0075 0.00725 0.00703 0.00681 
  0.00661 0.00643 0.00622 0.00599 0.00575 0.0055 0.00525 
  0.005 0.00477 0.00456 0.00435 0.00414 0.00393 0.00374 
  0.00355 0.00335 0.00317 0.003 0.00278 0.00257 0.00232 
  0.00206 0.00183 0.00159 0.00135 0.00119 0.00105 0.0009 
  0.00082 0.00075 0.00069 0.00064 0.00061 0.00058 0.00055 
  0.00053 0.00051 0.00049 0.00048 0.00047 0.00046 0.00045 
  0.00044 0.00044 0.00043 0.00042 0.00042 0.00042 0.00043 
  0.00043 0.00043 0.00043 0.00043 0.00043 0.00043 0.00044 
  0.00044 0.00045 0.00048 0.0005 0.00053 0.00057 0.00062 
  0.00067 0.00076 0.0009 0.00105 0.00126 0.00158 0.00231 
  0.00291 0.00429 0.0058 0.00727 0.00811 0.00857 0.00848 
  0.00796 0.00643 0.00496 0.00356 0.00218 0.00152 0.00095 
  0.00066 0.00048 0.00037 0.0003 0.00024 0.00021 0.00018 
  0.00016 0.00015 0.00013 0.00012 0.00011 0.0001 9e-05 
  9e-05 9e-05 9e-05 9e-05 9e-05 0.0001 0.0001 
  0.0001 0.0001 0.00011 0.00011 0.00011 0.00011 0.00011 
  0.00011 0.00011 0.00011 0.00011 0.00011 0.00011 0.00011 
  0.00011 0.0001 0.0001 0.0001 0.0001 0.0001 0.0001 
  0.0001 0.0001 0.0001 0.0001 0.0001 0.0001 0.0001 
  0.0001 0.0001 0.0001 0.0001 0.0001 0.0001 0.0001 
  0.0001 0.0001 0.0001 0.0001 0.0001 0.00011 0.00011 
  0.00011 0.00011 0.00011 0.00012 0.00012 0.00013 0.00014 
  0.00014 0.00014 0.00014 0.00015 0.00015 0.00015 0.00016 
  0.00016 0.00017 0.00017 0.00018 0.00019 0.00019 0.0002 
  0.0002 0.00021 0.00023 0.00025 0.00026 0.00028 0.0003 
  0.00032 0.00034 0.00037 0.0004 0.00044 0.00052 0.0006 
  0.00068 0.00084 0.00103 0.00132 0.00162 0.00202 0.00248 
  0.00302 0.00361 0.00441 0.00491 0.00544 0.006 0.00628 
  0.00657 0.00691 0.00716 0.00751 0.00789 0.00808 0.00811 
  0.00805 0.00781 0.00728 0.00656 0.00608 0.00548 0.00492 
  0.00442 0.00402 0.00356 0.00331 0.00299 0.00267 0.00241 
  0.00198 0.00162 0.00131 0.00101 0.00072 0.00052 0.0004 
  0.00031 0.00024 0.00022 0.00019 0.00017 0.00016 0.00016 
  0.00015 0.00015 0.00015 0.00015 0.00015 0.00015 0.00016 
  0.00016 0.00017 0.00017 0.00016 0.00015 0.00014 0.00014 
  0.00013 0.00012 0.00012 0.00011 0.0001 0.0/
 0.0 0. 1.0/  for diffusion, use 120. for second number
  0/
 ' comments. '/
 /
stop
