# Tetrahedron method
       -7.1628621107        0.0000000000        0.0000000000        0.0000000000        0.0000000000
       -6.9130663435        0.0000000000        0.0000000000        0.0000000000        0.0000000000
       -6.6632705763        0.0000000000        0.0000000000        0.0000000000        0.0000000000
       -6.4134748090        0.0000000000        0.0000000000        0.0000000000        0.0000000000
       -6.1636790418        0.0000000000        0.0000000000        0.0000000000        0.0000000000
       -5.9138832746        0.0000000000        0.0000000000        0.0000000000        0.0000000000
       -5.6640875074        0.0000000000        0.0000000000        0.0000000000        0.0000000000
       -5.4142917402        0.0000000000        0.0000000000        0.0000000000        0.0000000000
       -5.1644959729        0.0000000000        0.0000000000        0.0000000000        0.0000000000
       -4.9147002057        0.0000000000        0.0000000000        0.0000000000        0.0000000000
       -4.6649044385        0.0000000000        0.0000000000        0.0000000000        0.0000000000
       -4.4151086713        0.0000000000        0.0000000000        0.0000000000        0.0000000000
       -4.1653129040        0.0000000000        0.0000000000        0.0000000000        0.0000000000
       -3.9155171368        0.0000000000        0.0000000000        0.0000000000        0.0000000000
       -3.6657213696        0.0000000000        0.0000000000        0.0000000000        0.0000000000
       -3.4159256024        0.0000000000        0.0000000000        0.0000000000        0.0000000000
       -3.1661298352        0.0000000000        0.0000000000        0.0000000000        0.0000000000
       -2.9163340679        0.0027721196        0.0027721196        0.0000406598        0.0000406598
       -2.6665383007        0.0082382423        0.0082382423        0.0001178955        0.0001178955
       -2.4167425335        0.0115772155        0.0115772155        0.0001623449        0.0001623449
       -2.1669467663        0.0135059599        0.0135059599        0.0001845822        0.0001845822
       -1.9171509990        0.0150652347        0.0150652347        0.0002008579        0.0002008579
       -1.6673552318        0.0148056157        0.0148056157        0.0001929017        0.0001929017
       -1.4175594646        0.0141893593        0.0141893593        0.0001813427        0.0001813427
       -1.1677636974        0.0133154787        0.0133154787        0.0001678164        0.0001678164
       -0.9179679302        0.0124273507        0.0124274913        0.0001546309        0.0001546309
       -0.6681721629        0.0112009575        0.0112045918        0.0001374386        0.0001374386
       -0.4183763957        0.0114597162        0.0114685814        0.0001390250        0.0001390250
       -0.1685806285        0.0122466352        0.0122601361        0.0001468347        0.0001468347
        0.0812151387        0.0132854845        0.0132977003        0.0001573776        0.0001573776
        0.3310109060        0.0171412912        0.0171754257        0.0001993561        0.0001993561
        0.5808066732        0.0274795631        0.0274985806        0.0003126271        0.0003126271
        0.8306024404        0.0423374286        0.0423302870        0.0004714345        0.0004714345
        1.0803982076        0.0637434143        0.0638103152        0.0006949026        0.0006949026
        1.3301939748        0.0879383957        0.0879916051        0.0009346448        0.0009346448
        1.5799897421        0.1231723126        0.1232282585        0.0012695400        0.0012695400
        1.8297855093        0.1620686274        0.1619396623        0.0016210892        0.0016210892
        2.0795812765        0.2164365328        0.2163568931        0.0021164555        0.0021164555
        2.3293770437        0.2867407270        0.2861103133        0.0027499670        0.0027499670
        2.5791728110        0.3668116724        0.3668722624        0.0034284271        0.0034284271
        2.8289685782        0.4452636176        0.4453412441        0.0028151988        0.0028151988
        3.0787643454        0.7739920478        0.7728958290        0.0032760967        0.0032760967
        3.3285601126        0.9319809660        0.9323388096        0.0043116074        0.0043116074
        3.5783558798        0.9073315965        0.9072983040        0.0043247304        0.0043247304
        3.8281516471        0.9672279539        0.9673609625        0.0047570500        0.0047570500
        4.0779474143        1.0122022406        1.0122066494        0.0049534542        0.0049534542
        4.3277431815        0.8222332072        0.8222332072        0.0033999727        0.0033999727
        4.5775389487        0.6015649478        0.6015649478        0.0020197647        0.0020197647
        4.8273347159        0.8429574903        0.8429574903        0.0030401688        0.0030401688
        5.0771304832        0.4757844135        0.4757844135        0.0018811090        0.0018811090
        5.3269262504        0.3137213787        0.3137213787        0.0014378914        0.0014378914
        5.5767220176        0.2864647089        0.2864647089        0.0013740400        0.0013740400
        5.8265177848        0.3779420084        0.3779420084        0.0015220621        0.0015220621
        6.0763135521        0.3964578157        0.3964578157        0.0012998361        0.0012998361
        6.3261093193        0.3150617890        0.3150617890        0.0009185863        0.0009185863
        6.5759050865        0.3088913953        0.3088913953        0.0007876996        0.0007876996
        6.8257008537        0.2392929012        0.2392929012        0.0004638398        0.0004638398
        7.0754966209        0.0777330957        0.0777330957        0.0001345357        0.0001345357
        7.3252923882        0.0499224117        0.0499224117        0.0000475139        0.0000475139
        7.5750881554        0.0164676582        0.0164676582        0.0000029544        0.0000029544
        7.8248839226        0.0000000000        0.0000000000        0.0000000000        0.0000000000
        8.0746796898        0.0000000000        0.0000000000        0.0000000000        0.0000000000
        8.3244754571        0.0000000000        0.0000000000        0.0000000000        0.0000000000
        8.5742712243        0.0000000000        0.0000000000        0.0000000000        0.0000000000
        8.8240669915        0.0000000000        0.0000000000        0.0000000000        0.0000000000
        9.0738627587        0.0000000000        0.0000000000        0.0000000000        0.0000000000
        9.3236585259        0.0000000000        0.0000000000        0.0000000000        0.0000000000
        9.5734542932        0.0000000000        0.0000000000        0.0000000000        0.0000000000
        9.8232500604        0.0000000000        0.0000000000        0.0000000000        0.0000000000
       10.0730458276        0.0000000000        0.0000000000        0.0000000000        0.0000000000
       10.3228415948        0.0000000000        0.0000000000        0.0000000000        0.0000000000
       10.5726373621        0.0000000000        0.0000000000        0.0000000000        0.0000000000
       10.8224331293        0.0000000000        0.0000000000        0.0000000000        0.0000000000
       11.0722288965        0.0000000000        0.0000000000        0.0000000000        0.0000000000
       11.3220246637        0.0000000000        0.0000000000        0.0000000000        0.0000000000
       11.5718204309        0.0000000000        0.0000000000        0.0000000000        0.0000000000
       11.8216161982        0.0000000000        0.0000000000        0.0000000000        0.0000000000
       12.0714119654        0.0000000000        0.0000000000        0.0000000000        0.0000000000
       12.3212077326        0.0000000000        0.0000000000        0.0000000000        0.0000000000
       12.5710034998        0.0000000000        0.0000000000        0.0000000000        0.0000000000
       12.8207992671        0.0000000000        0.0000000000        0.0000000000        0.0000000000
       13.0705950343        0.0000000000        0.0000000000        0.0000000000        0.0000000000
       13.3203908015        0.0000000000        0.0000000000        0.0000000000        0.0000000000
       13.5701865687        0.0000000000        0.0000000000        0.0000000000        0.0000000000
       13.8199823359        0.0000000000        0.0000000000        0.0000000000        0.0000000000
       14.0697781032        0.0000000000        0.0000000000        0.0000000000        0.0000000000
       14.3195738704        0.0000000000        0.0000000000        0.0000000000        0.0000000000
       14.5693696376        0.0000000000        0.0000000000        0.0000000000        0.0000000000
       14.8191654048        0.0000000000        0.0000000000        0.0000000000        0.0000000000
       15.0689611721        0.0000000000        0.0000000000        0.0000000000        0.0000000000
       15.3187569393        0.0000000000        0.0000000000        0.0000000000        0.0000000000
       15.5685527065        0.0000000000        0.0000000000        0.0000000000        0.0000000000
       15.8183484737        0.0000000000        0.0000000000        0.0000000000        0.0000000000
       16.0681442409        0.0000000000        0.0000000000        0.0000000000        0.0000000000
       16.3179400082        0.0000000000        0.0000000000        0.0000000000        0.0000000000
       16.5677357754        0.0000000000        0.0000000000        0.0000000000        0.0000000000
       16.8175315426        0.0000000000        0.0000000000        0.0000000000        0.0000000000
       17.0673273098        0.0000000000        0.0000000000        0.0000000000        0.0000000000
       17.3171230771        0.0000000000        0.0000000000        0.0000000000        0.0000000000
       17.5669188443        0.0000000000        0.0000000000        0.0000000000        0.0000000000
       17.8167146115        0.0000000000        0.0000000000        0.0000000000        0.0000000000
       18.0665103787        0.0000000000        0.0000000000        0.0000000000        0.0000000000
       18.3163061459        0.0000000000        0.0000000000        0.0000000000        0.0000000000
       18.5661019132        0.0000000000        0.0000000000        0.0000000000        0.0000000000
       18.8158976804        0.0000000000        0.0000000000        0.0000000000        0.0000000000
       19.0656934476        0.0000000000        0.0000000000        0.0000000000        0.0000000000
       19.3154892148        0.0000000000        0.0000000000        0.0000000000        0.0000000000
       19.5652849821        0.0000000000        0.0000000000        0.0000000000        0.0000000000
       19.8150807493        0.0000000000        0.0000000000        0.0000000000        0.0000000000
       20.0648765165        0.0000000000        0.0000000000        0.0000000000        0.0000000000
       20.3146722837        0.0000000000        0.0000000000        0.0000000000        0.0000000000
       20.5644680509        0.0000000000        0.0000000000        0.0000000000        0.0000000000
       20.8142638182        0.0000000000        0.0000000000        0.0000000000        0.0000000000
       21.0640595854        0.0000000000        0.0000000000        0.0000000000        0.0000000000
       21.3138553526        0.0000000000        0.0000000000        0.0000000000        0.0000000000
       21.5636511198        0.0000000000        0.0000000000        0.0000000000        0.0000000000
       21.8134468871        0.0000000000        0.0000000000        0.0000000000        0.0000000000
       22.0632426543        0.0000000000        0.0000000000        0.0000000000        0.0000000000
       22.3130384215        0.0000000000        0.0000000000        0.0000000000        0.0000000000
       22.5628341887        0.0000000000        0.0000000000        0.0000000000        0.0000000000
       22.8126299559        0.0000000000        0.0000000000        0.0000000000        0.0000000000
       23.0624257232        0.0000000000        0.0000000000        0.0000000000        0.0000000000
       23.3122214904        0.0000000000        0.0000000000        0.0000000000        0.0000000000
       23.5620172576        0.0000000000        0.0000000000        0.0000000000        0.0000000000
       23.8118130248        0.0000000000        0.0000000000        0.0000000000        0.0000000000
       24.0616087921        0.0000000000        0.0000000000        0.0000000000        0.0000000000
       24.3114045593        0.0000000000        0.0000000000        0.0000000000        0.0000000000
       24.5612003265        0.0000000000        0.0000000000        0.0000000000        0.0000000000
       24.8109960937        0.0000000000        0.0000000000        0.0000000000        0.0000000000
       25.0607918609        0.0000000000        0.0000000000        0.0000000000        0.0000000000
       25.3105876282        0.0000000000        0.0000000000        0.0000000000        0.0000000000
       25.5603833954        0.0000000000        0.0000000000        0.0000000000        0.0000000000
       25.8101791626        0.0000000000        0.0000000000        0.0000000000        0.0000000000
       26.0599749298        0.0000000000        0.0000000000        0.0000000000        0.0000000000
       26.3097706971        0.0000000000        0.0000000000        0.0000000000        0.0000000000
       26.5595664643        0.0000000000        0.0000000000        0.0000000000        0.0000000000
       26.8093622315        0.0000000000        0.0000000000        0.0000000000        0.0000000000
       27.0591579987        0.0000000000        0.0000000000        0.0000000000        0.0000000000
       27.3089537659        0.0000000000        0.0000000000        0.0000000000        0.0000000000
       27.5587495332        0.0000000000        0.0000000000        0.0000000000        0.0000000000
       27.8085453004        0.0000000000        0.0000000000        0.0000000000        0.0000000000
       28.0583410676        0.0000000000        0.0000000000        0.0000000000        0.0000000000
       28.3081368348        0.0000000000        0.0000000000        0.0000000000        0.0000000000
       28.5579326021        0.0000000000        0.0000000000        0.0000000000        0.0000000000
       28.8077283693        0.0000000000        0.0000000000        0.0000000000        0.0000000000
       29.0575241365        0.0000000000        0.0000000000        0.0000000000        0.0000000000
       29.3073199037        0.0000000000        0.0000000000        0.0000000000        0.0000000000
       29.5571156709        0.0000000000        0.0000000000        0.0000000000        0.0000000000
       29.8069114382        0.0000000000        0.0000000000        0.0000000000        0.0000000000
       30.0567072054        0.0000000000        0.0000000000        0.0000000000        0.0000000000
       30.3065029726        0.0000000000        0.0000000000        0.0000000000        0.0000000000
       30.5562987398        0.0000000000        0.0000000000        0.0000000000        0.0000000000
       30.8060945071        0.0000000000        0.0000000000        0.0000000000        0.0000000000
       31.0558902743        0.0000000000        0.0000000000        0.0000000000        0.0000000000
       31.3056860415        0.0000000000        0.0000000000        0.0000000000        0.0000000000
       31.5554818087        0.0000000000        0.0000000000        0.0000000000        0.0000000000
       31.8052775759        0.0000000000        0.0000000000        0.0000000000        0.0000000000
       32.0550733432        0.0000000000        0.0000000000        0.0000000000        0.0000000000
       32.3048691104        0.0000000000        0.0000000000        0.0000000000        0.0000000000
       32.5546648776        0.0000000000        0.0000000000        0.0000000000        0.0000000000
       32.8044606448        0.0000000000        0.0000000000        0.0000000000        0.0000000000
       33.0542564120        0.0000000000        0.0000000000        0.0000000000        0.0000000000
       33.3040521793        0.0000000000        0.0000000000        0.0000000000        0.0000000000
       33.5538479465        0.0000000000        0.0000000000        0.0000000000        0.0000000000
       33.8036437137        0.0000000000        0.0000000000        0.0000000000        0.0000000000
       34.0534394809        0.0011253022        0.0011253022        0.1597628164        0.1597628164
       34.3032352482        0.0107291090        0.0107291090        1.2552933752        1.2552933752
       34.5530310154        0.0182393991        0.0182410455        1.6307154273        1.6307154273
       34.8028267826        0.0072200572        0.0072200572        0.8334575759        0.8334575759
       35.0526225498        0.0014933659        0.0014933659        0.2056929207        0.2056929207
       35.3024183170        0.0046064605        0.0046064605        0.6515057466        0.6515057466
       35.5522140843        0.0043373266        0.0043373266        0.6835859070        0.6835859070
       35.8020098515        0.0019000744        0.0019000744        0.3276362907        0.3276362907
       36.0518056187        0.0015851629        0.0015851629        0.3606717578        0.3606717578
       36.3016013859        0.0012871528        0.0012871528        0.3971194773        0.3971194773
       36.5513971532        0.0011401486        0.0011401433        0.5669955375        0.5669955375
       36.8011929204        0.0014713028        0.0014727974        0.8082419971        0.8082419971
       37.0509886876        0.0009696746        0.0009696768        0.5760393437        0.5760393437
       37.3007844548        0.0009803540        0.0009803540        0.9500236835        0.9500236835
       37.5505802220        0.0005101372        0.0005101372        0.8466006373        0.8466006373
       37.8003759893        0.0003590390        0.0003590390        0.3542295048        0.3542295048
       38.0501717565        0.0003437889        0.0003437889        0.6071317895        0.6071317895
       38.2999675237        0.0001493507        0.0001493507        0.6484437775        0.6484437775
       38.5497632909        0.0000340321        0.0000340321        0.2133975503        0.2133975503
       38.7995590582        0.0000000000        0.0000000000        0.0000000000        0.0000000000
       39.0493548254        0.0000000000        0.0000000000        0.0000000000        0.0000000000
       39.2991505926        0.0000000000        0.0000000000        0.0000000000        0.0000000000
       39.5489463598        0.0000000000        0.0000000000        0.0000000000        0.0000000000
       39.7987421270        0.0000000000        0.0000000000        0.0000000000        0.0000000000
       40.0485378943        0.0000000000        0.0000000000        0.0000000000        0.0000000000
       40.2983336615        0.0000000000        0.0000000000        0.0000000000        0.0000000000
       40.5481294287        0.0000000000        0.0000000000        0.0000000000        0.0000000000
       40.7979251959        0.0000000000        0.0000000000        0.0000000000        0.0000000000
       41.0477209632        0.0000000000        0.0000000000        0.0000000000        0.0000000000
       41.2975167304        0.0000000000        0.0000000000        0.0000000000        0.0000000000
       41.5473124976        0.0000000000        0.0000000000        0.0000000000        0.0000000000
       41.7971082648        0.0000000000        0.0000000000        0.0000000000        0.0000000000
       42.0469040320        0.0000000000        0.0000000000        0.0000000000        0.0000000000
       42.2966997993        0.0000000000        0.0000000000        0.0000000000        0.0000000000
       42.5464955665        0.0000000000        0.0000000000        0.0000000000        0.0000000000
       42.7962913337        0.0000000000        0.0000000000        0.0000000000        0.0000000000
