# Tetrahedron method
       -7.1628621107        0.0000000000
       -6.9130663435        0.0000000000
       -6.6632705763        0.0000000000
       -6.4134748090        0.0000000000
       -6.1636790418        0.0000000000
       -5.9138832746        0.0000000000
       -5.6640875074        0.0000000000
       -5.4142917402        0.0000000000
       -5.1644959729        0.0000000000
       -4.9147002057        0.0000000000
       -4.6649044385        0.0000000000
       -4.4151086713        0.0000000000
       -4.1653129040        0.0000000000
       -3.9155171368        0.0000000000
       -3.6657213696        0.0000000000
       -3.4159256024        0.0000000000
       -3.1661298352        0.0000000000
       -2.9163340679        0.0059982620
       -2.6665383007        0.0170752067
       -2.4167425335        0.0236902166
       -2.1669467663        0.0274379170
       -1.9171509990        0.0305721011
       -1.6673552318        0.0295122372
       -1.4175594646        0.0284121225
       -1.1677636974        0.0271232894
       -0.9179679302        0.0255438627
       -0.6681721629        0.0230775501
       -0.4183763957        0.0238710332
       -0.1685806285        0.0256532982
        0.0812151387        0.0279665322
        0.3310109060        0.0376834957
        0.5808066732        0.0593693944
        0.8306024404        0.0904789732
        1.0803982076        0.1333639976
        1.3301939748        0.1805428588
        1.5799897421        0.2474308389
        1.8297855093        0.3282133778
        2.0795812765        0.4400650068
        2.3293770437        0.5761876163
        2.5791728110        0.7333866317
        2.8289685782        0.9004823503
        3.0787643454        1.5234447327
        3.3285601126        1.8727154090
        3.5783558798        1.7803710316
        3.8281516471        1.9598883508
        4.0779474143        2.0443418799
        4.3277431815        1.6258223248
        4.5775389487        1.2254877551
        4.8273347159        1.7057054003
        5.0771304832        0.9347147404
        5.3269262504        0.6362694498
        5.5767220176        0.5780347966
        5.8265177848        0.7636446009
        6.0763135521        0.8148903851
        6.3261093193        0.6385367221
        6.5759050865        0.6189821233
        6.8257008537        0.4743497208
        7.0754966209        0.1544501440
        7.3252923882        0.0996551246
        7.5750881554        0.0325586645
        7.8248839226        0.0000000000
        8.0746796898        0.0000000000
        8.3244754571        0.0000000000
        8.5742712243        0.0000000000
        8.8240669915        0.0000000000
        9.0738627587        0.0000000000
        9.3236585259        0.0000000000
        9.5734542932        0.0000000000
        9.8232500604        0.0000000000
       10.0730458276        0.0000000000
       10.3228415948        0.0000000000
       10.5726373621        0.0000000000
       10.8224331293        0.0000000000
       11.0722288965        0.0000000000
       11.3220246637        0.0000000000
       11.5718204309        0.0000000000
       11.8216161982        0.0000000000
       12.0714119654        0.0000000000
       12.3212077326        0.0000000000
       12.5710034998        0.0000000000
       12.8207992671        0.0000000000
       13.0705950343        0.0000000000
       13.3203908015        0.0000000000
       13.5701865687        0.0000000000
       13.8199823359        0.0000000000
       14.0697781032        0.0000000000
       14.3195738704        0.0000000000
       14.5693696376        0.0000000000
       14.8191654048        0.0000000000
       15.0689611721        0.0000000000
       15.3187569393        0.0000000000
       15.5685527065        0.0000000000
       15.8183484737        0.0000000000
       16.0681442409        0.0000000000
       16.3179400082        0.0000000000
       16.5677357754        0.0000000000
       16.8175315426        0.0000000000
       17.0673273098        0.0000000000
       17.3171230771        0.0000000000
       17.5669188443        0.0000000000
       17.8167146115        0.0000000000
       18.0665103787        0.0000000000
       18.3163061459        0.0000000000
       18.5661019132        0.0000000000
       18.8158976804        0.0000000000
       19.0656934476        0.0000000000
       19.3154892148        0.0000000000
       19.5652849821        0.0000000000
       19.8150807493        0.0000000000
       20.0648765165        0.0000000000
       20.3146722837        0.0000000000
       20.5644680509        0.0000000000
       20.8142638182        0.0000000000
       21.0640595854        0.0000000000
       21.3138553526        0.0000000000
       21.5636511198        0.0000000000
       21.8134468871        0.0000000000
       22.0632426543        0.0000000000
       22.3130384215        0.0000000000
       22.5628341887        0.0000000000
       22.8126299559        0.0000000000
       23.0624257232        0.0000000000
       23.3122214904        0.0000000000
       23.5620172576        0.0000000000
       23.8118130248        0.0000000000
       24.0616087921        0.0000000000
       24.3114045593        0.0000000000
       24.5612003265        0.0000000000
       24.8109960937        0.0000000000
       25.0607918609        0.0000000000
       25.3105876282        0.0000000000
       25.5603833954        0.0000000000
       25.8101791626        0.0000000000
       26.0599749298        0.0000000000
       26.3097706971        0.0000000000
       26.5595664643        0.0000000000
       26.8093622315        0.0000000000
       27.0591579987        0.0000000000
       27.3089537659        0.0000000000
       27.5587495332        0.0000000000
       27.8085453004        0.0000000000
       28.0583410676        0.0000000000
       28.3081368348        0.0000000000
       28.5579326021        0.0000000000
       28.8077283693        0.0000000000
       29.0575241365        0.0000000000
       29.3073199037        0.0000000000
       29.5571156709        0.0000000000
       29.8069114382        0.0000000000
       30.0567072054        0.0000000000
       30.3065029726        0.0000000000
       30.5562987398        0.0000000000
       30.8060945071        0.0000000000
       31.0558902743        0.0000000000
       31.3056860415        0.0000000000
       31.5554818087        0.0000000000
       31.8052775759        0.0000000000
       32.0550733432        0.0000000000
       32.3048691104        0.0000000000
       32.5546648776        0.0000000000
       32.8044606448        0.0000000000
       33.0542564120        0.0000000000
       33.3040521793        0.0000000000
       33.5538479465        0.0000000000
       33.8036437137        0.0000000000
       34.0534394809        0.3277031229
       34.3032352482        2.5185018592
       34.5530310154        3.2637350166
       34.8028267826        1.5959295999
       35.0526225498        0.4087465379
       35.3024183170        1.3470880708
       35.5522140843        1.3880918302
       35.8020098515        0.6664722133
       36.0518056187        0.7327054375
       36.3016013859        0.8024930521
       36.5513971532        1.1550029903
       36.8011929204        1.6464011746
       37.0509886876        1.1513170339
       37.3007844548        2.0311674513
       37.5505802220        1.6469676230
       37.8003759893        0.7044204247
       38.0501717565        1.2079687117
       38.2999675237        1.3122948463
       38.5497632909        0.4308267269
       38.7995590582        0.0000000000
       39.0493548254        0.0000000000
       39.2991505926        0.0000000000
       39.5489463598        0.0000000000
       39.7987421270        0.0000000000
       40.0485378943        0.0000000000
       40.2983336615        0.0000000000
       40.5481294287        0.0000000000
       40.7979251959        0.0000000000
       41.0477209632        0.0000000000
       41.2975167304        0.0000000000
       41.5473124976        0.0000000000
       41.7971082648        0.0000000000
       42.0469040320        0.0000000000
       42.2966997993        0.0000000000
       42.5464955665        0.0000000000
       42.7962913337        0.0000000000
