# Tetrahedron method
       -3.8174457532        0.0000000000
       -3.5895302481        0.0000000000
       -3.3616147430        0.0000000000
       -3.1336992378        0.0000000000
       -2.9057837327        0.0000000000
       -2.6778682276        0.0000000000
       -2.4499527225        0.0000000000
       -2.2220372173        0.0000000000
       -1.9941217122        0.0000000000
       -1.7662062071        0.0000000000
       -1.5382907019        0.0000000000
       -1.3103751968        0.0000000000
       -1.0824596917        0.0000000000
       -0.8545441865        0.0000000000
       -0.6266286814        0.0000000000
       -0.3987131763        0.0000000000
       -0.1707976712        0.0000000000
        0.0571178340        0.0003763791
        0.2850333391        0.0064950767
        0.5129488442        0.0168755476
        0.7408643494        0.0338529569
        0.9687798545        0.0556967076
        1.1966953596        0.0784663683
        1.4246108648        0.1035966769
        1.6525263699        0.1354346043
        1.8804418750        0.1743361646
        2.1083573801        0.2226789551
        2.3362728853        0.2891222301
        2.5641883904        0.3916935579
        2.7921038955        0.5990331818
        3.0200194007        1.0150957227
        3.2479349058        1.5498456808
        3.4758504109        1.1501734740
        3.7037659161        1.1266858873
        3.9316814212        1.0570217327
        4.1595969263        1.0866848029
        4.3875124314        1.2678851951
        4.6154279366        1.5092371033
        4.8433434417        2.0230378121
        5.0712589468        1.7301232046
        5.2991744520        1.4404525095
        5.5270899571        1.0662529824
        5.7550054622        1.0346398164
        5.9829209674        0.8746520430
        6.2108364725        0.8501942794
        6.4387519776        1.6689902205
        6.6666674827        1.6926534417
        6.8945829879        1.6938970587
        7.1224984930        0.6472023844
        7.3504139981        0.1905902223
        7.5783295033        0.0171622961
        7.8062450084        0.0000000000
        8.0341605135        0.0000000000
        8.2620760187        0.0000000000
        8.4899915238        0.0000000000
        8.7179070289        0.0000000000
        8.9458225340        0.0000000000
        9.1737380392        0.0000000000
        9.4016535443        0.0000000000
        9.6295690494        0.0000000000
        9.8574845546        0.0000000000
       10.0854000597        0.0000000000
       10.3133155648        0.0000000000
       10.5412310700        0.0000000000
       10.7691465751        0.0000000000
       10.9970620802        0.0000000000
       11.2249775854        0.0000000000
       11.4528930905        0.0000000000
       11.6808085956        0.0000000000
       11.9087241007        0.0000000000
       12.1366396059        0.0000000000
       12.3645551110        0.0000000000
       12.5924706161        0.0000000000
       12.8203861213        0.0000000000
       13.0483016264        0.0000000000
       13.2762171315        0.0000000000
       13.5041326367        0.0000000000
       13.7320481418        0.0000000000
       13.9599636469        0.0000000000
       14.1878791520        0.0000000000
       14.4157946572        0.0000000000
       14.6437101623        0.0000000000
       14.8716256674        0.0000000000
       15.0995411726        0.0000000000
       15.3274566777        0.0000000000
       15.5553721828        0.0000000000
       15.7832876880        0.0000000000
       16.0112031931        0.0000000000
       16.2391186982        0.0000000000
       16.4670342033        0.0000000000
       16.6949497085        0.0000000000
       16.9228652136        0.0000000000
       17.1507807187        0.0000000000
       17.3786962239        0.0000000000
       17.6066117290        0.0000000000
       17.8345272341        0.0000000000
       18.0624427393        0.0000000000
       18.2903582444        0.0000000000
       18.5182737495        0.0000000000
       18.7461892546        0.0000000000
       18.9741047598        0.0000000000
       19.2020202649        0.0000000000
       19.4299357700        0.0000000000
       19.6578512752        0.0000000000
       19.8857667803        0.0000000000
       20.1136822854        0.0000000000
       20.3415977906        0.0000000000
       20.5695132957        0.0000000000
       20.7974288008        0.0000000000
       21.0253443059        0.0000000000
       21.2532598111        0.0000000000
       21.4811753162        0.0000000000
       21.7090908213        0.0000000000
       21.9370063265        0.0000000000
       22.1649218316        0.0000000000
       22.3928373367        0.0000000000
       22.6207528419        0.0000000000
       22.8486683470        0.0000000000
       23.0765838521        0.0000000000
       23.3044993572        0.0000000000
       23.5324148624        0.0000000000
       23.7603303675        0.0000000000
       23.9882458726        0.0000000000
       24.2161613778        0.0000000000
       24.4440768829        0.0000000000
       24.6719923880        0.0000000000
       24.8999078932        0.0000000000
       25.1278233983        0.0000000000
       25.3557389034        0.0000000000
       25.5836544085        0.0000000000
       25.8115699137        0.0000000000
       26.0394854188        0.0000000000
       26.2674009239        0.0000000000
       26.4953164291        0.0000000000
       26.7232319342        0.0000000000
       26.9511474393        0.0000000000
       27.1790629445        0.0000000000
       27.4069784496        0.0000000000
       27.6348939547        0.0000000000
       27.8628094598        0.0000000000
       28.0907249650        0.0000000000
       28.3186404701        0.0000000000
       28.5465559752        0.0000000000
       28.7744714804        0.0000000000
       29.0023869855        0.0000000000
       29.2303024906        0.0000000000
       29.4582179958        0.0000000000
       29.6861335009        0.0555757413
       29.9140490060        0.1904797348
       30.1419645111        0.3432601375
       30.3698800163        0.5127385016
       30.5977955214        0.5606186532
       30.8257110265        0.6336932866
       31.0536265317        0.8815395728
       31.2815420368        1.6996196913
       31.5094575419        2.2325662806
       31.7373730471        2.6854336933
       31.9652885522        2.3591995375
       32.1932040573        2.1090168319
       32.4211195624        2.5607649868
       32.6490350676        2.3480146275
       32.8769505727        2.3848880214
       33.1048660778        1.7765817611
       33.3327815830        1.6226095362
       33.5606970881        1.2980126412
       33.7886125932        1.1199364524
       34.0165280984        1.8329265399
       34.2444436035        2.2610656290
       34.4723591086        2.6619888152
       34.7002746137        3.4169771015
       34.9281901189        2.0203117355
       35.1561056240        3.1763902993
       35.3840211291        1.3821700530
       35.6119366343        0.4840738215
       35.8398521394        0.3029702527
       36.0677676445        0.8836195527
       36.2956831497        1.3086470905
       36.5235986548        1.3354741768
       36.7515141599        1.4197536427
       36.9794296650        1.1585916336
       37.2073451702        1.0561601163
       37.4352606753        0.4351102564
       37.6631761804        0.4384848846
       37.8910916856        0.4309689524
       38.1190071907        0.0000000000
       38.3469226958        0.0000000000
       38.5748382010        0.0000000000
       38.8027537061        0.0000000000
       39.0306692112        0.0000000000
       39.2585847163        0.0000000000
       39.4865002215        0.0000000000
       39.7144157266        0.0000000000
       39.9423312317        0.0000000000
       40.1702467369        0.0000000000
       40.3981622420        0.0000000000
       40.6260777471        0.0000000000
       40.8539932523        0.0000000000
       41.0819087574        0.0000000000
       41.3098242625        0.0000000000
       41.5377397676        0.0000000000
       41.7656552728        0.0000000000
