# Tetrahedron method
       -3.5602468945        0.0000000000
       -3.3346392188        0.0000000000
       -3.1090315431        0.0000000000
       -2.8834238674        0.0000000000
       -2.6578161917        0.0000000000
       -2.4322085160        0.0000000000
       -2.2066008403        0.0000000000
       -1.9809931646        0.0000000000
       -1.7553854889        0.0000000000
       -1.5297778132        0.0000000000
       -1.3041701375        0.0000000000
       -1.0785624618        0.0000000000
       -0.8529547861        0.0000000000
       -0.6273471104        0.0000000000
       -0.4017394347        0.0000000000
       -0.1761317590        0.0000000000
        0.0494759167        0.0000000000
        0.2750835924        0.0054257849
        0.5006912680        0.0140319200
        0.7262989437        0.0264993518
        0.9519066194        0.0411655512
        1.1775142951        0.0580112788
        1.4031219708        0.0770347534
        1.6287296465        0.0994547151
        1.8543373222        0.1238157383
        2.0799449979        0.1533575015
        2.3055526736        0.1872798930
        2.5311603493        0.2278779283
        2.7567680250        0.2822976486
        2.9823757007        0.3597851090
        3.2079833764        0.5262218024
        3.4335910521        0.6506708191
        3.6591987278        0.5712921282
        3.8848064035        0.5753577604
        4.1104140792        0.6137711732
        4.3360217549        0.7021212183
        4.5616294306        0.9626664199
        4.7872371063        0.8296371050
        5.0128447820        0.8905868732
        5.2384524577        0.5945394801
        5.4640601334        0.5800620238
        5.6896678091        0.5538828876
        5.9152754847        0.4671863877
        6.1408831604        0.4437831897
        6.3664908361        0.7544985489
        6.5920985118        0.8082373047
        6.8177061875        0.6698080872
        7.0433138632        0.2418265736
        7.2689215389        0.1165743944
        7.4945292146        0.0482740384
        7.7201368903        0.0000000000
        7.9457445660        0.0000000000
        8.1713522417        0.0000000000
        8.3969599174        0.0000000000
        8.6225675931        0.0000000000
        8.8481752688        0.0000000000
        9.0737829445        0.0000000000
        9.2993906202        0.0000000000
        9.5249982959        0.0000000000
        9.7506059716        0.0000000000
        9.9762136473        0.0000000000
       10.2018213230        0.0000000000
       10.4274289987        0.0000000000
       10.6530366744        0.0000000000
       10.8786443501        0.0000000000
       11.1042520257        0.0000000000
       11.3298597014        0.0000000000
       11.5554673771        0.0000000000
       11.7810750528        0.0000000000
       12.0066827285        0.0000000000
       12.2322904042        0.0000000000
       12.4578980799        0.0000000000
       12.6835057556        0.0000000000
       12.9091134313        0.0000000000
       13.1347211070        0.0000000000
       13.3603287827        0.0000000000
       13.5859364584        0.0000000000
       13.8115441341        0.0000000000
       14.0371518098        0.0000000000
       14.2627594855        0.0000000000
       14.4883671612        0.0000000000
       14.7139748369        0.0000000000
       14.9395825126        0.0000000000
       15.1651901883        0.0000000000
       15.3907978640        0.0000000000
       15.6164055397        0.0000000000
       15.8420132154        0.0000000000
       16.0676208911        0.0000000000
       16.2932285668        0.0000000000
       16.5188362424        0.0000000000
       16.7444439181        0.0000000000
       16.9700515938        0.0000000000
       17.1956592695        0.0000000000
       17.4212669452        0.0000000000
       17.6468746209        0.0000000000
       17.8724822966        0.0000000000
       18.0980899723        0.0000000000
       18.3236976480        0.0000000000
       18.5493053237        0.0000000000
       18.7749129994        0.0000000000
       19.0005206751        0.0000000000
       19.2261283508        0.0000000000
       19.4517360265        0.0000000000
       19.6773437022        0.0000000000
       19.9029513779        0.0000000000
       20.1285590536        0.0000000000
       20.3541667293        0.0000000000
       20.5797744050        0.0000000000
       20.8053820807        0.0000000000
       21.0309897564        0.0000000000
       21.2565974321        0.0000000000
       21.4822051078        0.0000000000
       21.7078127834        0.0000000000
       21.9334204591        0.0000000000
       22.1590281348        0.0000000000
       22.3846358105        0.0000000000
       22.6102434862        0.0000000000
       22.8358511619        0.0000000000
       23.0614588376        0.0000000000
       23.2870665133        0.0000000000
       23.5126741890        0.0000000000
       23.7382818647        0.0000000000
       23.9638895404        0.0000000000
       24.1894972161        0.0000000000
       24.4151048918        0.0000000000
       24.6407125675        0.0000000000
       24.8663202432        0.0000000000
       25.0919279189        0.0000000000
       25.3175355946        0.0000000000
       25.5431432703        0.0000000000
       25.7687509460        0.0000000000
       25.9943586217        0.0000000000
       26.2199662974        0.0000000000
       26.4455739731        0.0000000000
       26.6711816488        0.0000000000
       26.8967893245        0.0000000000
       27.1223970001        0.0000000000
       27.3480046758        0.0000000000
       27.5736123515        0.0000000000
       27.7992200272        0.0000000000
       28.0248277029        0.0000000000
       28.2504353786        0.0000000000
       28.4760430543        0.0000000000
       28.7016507300        0.0000000000
       28.9272584057        0.0000000000
       29.1528660814        0.0000000000
       29.3784737571        0.0000000000
       29.6040814328        0.0000000000
       29.8296891085        0.0000000000
       30.0552967842        0.0000000000
       30.2809044599        0.1719950272
       30.5065121356        0.2096254392
       30.7321198113        0.2468072864
       30.9577274870        0.2919323191
       31.1833351627        0.4024601080
       31.4089428384        0.4015776763
       31.6345505141        0.4037836619
       31.8601581898        0.5305178949
       32.0857658655        1.1368255457
       32.3113735411        1.3784972721
       32.5369812168        0.9575842188
       32.7625888925        0.9853940977
       32.9881965682        0.9201022369
       33.2138042439        1.2215977879
       33.4394119196        1.5168993846
       33.6650195953        1.1778836712
       33.8906272710        1.4920791961
       34.1162349467        1.5535168980
       34.3418426224        1.5090408960
       34.5674502981        1.4905761383
       34.7930579738        1.6171636256
       35.0186656495        1.1241608373
       35.2442733252        0.5049868617
       35.4698810009        0.3644238366
       35.6954886766        0.4497703978
       35.9210963523        0.6414962186
       36.1467040280        0.8431954625
       36.3723117037        0.7361966214
       36.5979193794        0.6907042154
       36.8235270551        0.6458948323
       37.0491347308        0.5463341115
       37.2747424065        0.3136220326
       37.5003500822        0.1226764854
       37.7259577578        0.0566578331
       37.9515654335        0.0000000000
       38.1771731092        0.0000000000
       38.4027807849        0.0000000000
       38.6283884606        0.0000000000
       38.8539961363        0.0000000000
       39.0796038120        0.0000000000
       39.3052114877        0.0000000000
       39.5308191634        0.0000000000
       39.7564268391        0.0000000000
       39.9820345148        0.0000000000
       40.2076421905        0.0000000000
       40.4332498662        0.0000000000
       40.6588575419        0.0000000000
       40.8844652176        0.0000000000
       41.1100728933        0.0000000000
       41.3356805690        0.0000000000
       41.5612882447        0.0000000000
