leapr
 24 /
 'h in h2o, shortened endf model'/
 1 2/
  101 1001/
  0.99917 20.449 2 0 0/
  1 1 15.85316 3.8883 1/
 100 100 0/
    0.10E0 0.20E0 0.30E0 0.40E0 0.50E0 
    0.60E0 0.70E0 0.80E0 0.90E0 0.10E1 
    0.11E1 0.12E1 0.13E1 0.14E1 0.15E1 
    0.16E1 0.17E1 0.18E1 0.19E1 0.20E1 
    0.21E1 0.22E1 0.23E1 0.24E1 0.25E1 
    0.26E1 0.27E1 0.28E1 0.29E1 0.30E1 
    0.31E1 0.32E1 0.33E1 0.34E1 0.35E1 
    0.36E1 0.37E1 0.38E1 0.39E1 0.40E1 
    0.41E1 0.42E1 0.43E1 0.44E1 0.45E1 
    0.46E1 0.47E1 0.48E1 0.49E1 0.50E1 
    0.51E1 0.52E1 0.53E1 0.54E1 0.55E1 
    0.56E1 0.57E1 0.58E1 0.59E1 0.60E1 
    0.61E1 0.62E1 0.63E1 0.64E1 0.65E1 
    0.66E1 0.67E1 0.68E1 0.69E1 0.70E1 
    0.71E1 0.72E1 0.73E1 0.74E1 0.75E1 
    0.76E1 0.77E1 0.78E1 0.79E1 0.80E1 
    0.81E1 0.82E1 0.83E1 0.84E1 0.85E1 
    0.86E1 0.87E1 0.88E1 0.89E1 0.90E1 
    0.91E1 0.92E1 0.93E1 0.94E1 0.95E1 
    0.96E1 0.97E1 0.98E1 0.99E1 0.10E2 /
    0.00 0.80E-01 0.16 0.24 0.32 
    0.40 0.48 0.56 0.64 0.72 
    0.80 0.88 0.96 0.104E1 0.112E1 
    0.12E+01 0.128E1 0.136E1 0.144E1 0.152E1 
    0.16E+01 0.168E1 0.176E1 0.184E1 0.192E1 
    0.20E+01 0.208E1 0.216E1 0.224E1 0.232E1 
    0.24E+01 0.248E1 0.256E1 0.264E1 0.272E1 
    0.28E+01 0.288E1 0.296E1 0.304E1 0.312E1 
    0.32E+01 0.328E1 0.336E1 0.344E1 0.352E1 
    0.36E+01 0.368E1 0.376E1 0.384E1 0.392E1 
    0.40E+01 0.408E1 0.416E1 0.424E1 0.432E1 
    0.44E+01 0.448E1 0.456E1 0.464E1 0.472E1 
    0.48E+01 0.488E1 0.496E1 0.504E1 0.512E1 
    0.52E+01 0.528E1 0.536E1 0.544E1 0.552E1 
    0.56E+01 0.568E1 0.576E1 0.584E1 0.592E1 
    0.60E+01 0.608E1 0.616E1 0.624E1 0.632E1 
    0.64E+01 0.648E1 0.656E1 0.664E1 0.672E1 
    0.68E+01 0.688E1 0.696E1 0.704E1 0.712E1 
    0.72E+01 0.728E1 0.736E1 0.744E1 0.752E1 
    0.76E+01 0.768E1 0.776E1 0.784E1 0.792E1 /
 296/
  .0025 69/
  0.0 0.00049 0.00098 0.00191 0.00338 0.00485 0.00721 0.00966 0.01245 0.01588 
  0.01931 0.02353 0.02794 0.0326 0.03799 0.04338 0.04884 0.05433 0.05994 
  0.06622 0.07249 0.07971 0.08755 0.09539 0.10324 0.11108 0.1173 0.1205 
  0.12158 0.12081 0.11662 0.11015 0.10426 0.09838 0.09403 0.08995 0.08616 
  0.08302 0.07988 0.07745 0.07526 0.07313 0.07129 0.06945 0.06783 0.06634
  0.06484 0.06327 0.06171 0.06016 0.05863 0.0 0.05588 0.05467 0.05356 0.05258
  0.0516 0.05055 0.04949 0.0484 0.04726 0.04613 0.04502 0.04392 0.04299 
  0.04256 0.04213 0.02471 0.0/
 0.055556 0. 0.444444/  for diffusion, use 120. for second number
  2/
  .205 .48/
  .166667 .333333/
 ' h(h2o) thermal scattering '/
 ' '/
 ' temperatures = 296 deg k. '/
 ' '/
 ' shortened version of the endf/b-vi.4 evaluation for '/
 ' hydrogen in water.  the energy transfer is limited to '/
 ' 0.625 ev.  this is only for njoy testing, not for '/
 ' real applications. '/
 /
stop
